Sorting a circular vector


	0 1 2 3 4 5 6 7 8 9
	0 2 1 3 4 5 6 7 8 9?


	Como trocar dois elementos:

	4 elementos

	0 1 2 3		-> 	1 0 2 3		->	0 2 1 3 	->	0 1 3 2		-> 3 1 2 0

	0 1 2 3
	x
	2 1 0 3
	  x
	2 3 0 1
		x
	0 3 2 1
	  x
	0 1 2 3

0 1 2 3 4


4 2 3 0 1
  x
4 0 3 2 1
        x
4 1 3 2 0
    x
4 1 0 2 3
x
0 1 4 2 3
  x
0 2 4 1 3
        x
0 3 4 1 2
    x
0 3 2 1 4
        x
0 4 2 1 3



 4  2  0  8  6
    x
 4  0  2  8  6
 x
 0  4  2  8  6
    x
 0  2  4  8  6
          x
 0  2  4  6  8

4  3  2  5  0  1
         x         >>> 3
4  3  2  1  0  5
   x			   >>> 1
4  1  2  3  0  5
x                  >>> 0
2  1  4  3  0  5
      x			   >>> 2
2  1  0  3  4  5
x
0  1  2  3  4  5   >>> 0
